
Model: Naive Bayes
Confusion Matrix:
[[174   0   0   0   2   0   0   1   0   1]
 [  0 137   8   0   0   0   5   4  18  10]
 [  0  13 112   1   1   2   1   0  45   2]
 [  0   2   6 133   0   8   0   7  22   5]
 [  3   2   2   0 142   1   3  25   3   0]
 [  0   1   0   3   2 158   1   8   5   4]
 [  0   1   1   0   1   3 174   0   1   0]
 [  0   0   1   0   2   1   0 174   1   0]
 [  0  20   3   0   1   5   0  10 133   2]
 [  1  11   0   8   2   4   1  17  23 113]]
Accuracy: 0.81
Training Time: 0.02 seconds

Model: Decision Tree
Confusion Matrix:
[[165   0   0   0   3   2   2   0   3   3]
 [  0 135  11   9   3   3   2   2  10   7]
 [  1  16 122   6   3   0   6   3  14   6]
 [  0   4   8 139   1   5   4   1  11  10]
 [  4  15   0   3 133   2  11   6   5   2]
 [  9   2   0   2  12 147   2   1   3   4]
 [  3   2   1   0   4   3 165   1   2   0]
 [  3   0   3   3  11   2   0 145  10   2]
 [  3  10   7   9   1   3   0   0 132   9]
 [  0   9   5   6   0  10   0   8   7 135]]
Accuracy: 0.79
Training Time: 0.09 seconds

Model: k-Nearest Neighbour
Confusion Matrix:
[[177   0   0   0   1   0   0   0   0   0]
 [  0 178   0   0   2   1   1   0   0   0]
 [  0   1 170   0   0   0   0   1   5   0]
 [  0   0   1 172   0   1   0   2   4   3]
 [  0   2   0   0 176   0   0   2   1   0]
 [  0   0   0   0   0 177   1   0   0   4]
 [  0   2   0   0   0   1 178   0   0   0]
 [  0   0   0   0   0   0   0 176   0   3]
 [  0  13   2   1   0   0   0   1 157   0]
 [  0   2   0   4   1   2   0   1   1 169]]
Accuracy: 0.96
Training Time: 0.14 seconds

Model: SVM
Confusion Matrix:
[[177   0   0   0   1   0   0   0   0   0]
 [  0 180   0   0   0   0   1   0   1   0]
 [  0   1 174   0   0   0   0   0   2   0]
 [  0   0   1 167   0   2   0   3   9   1]
 [  0   1   0   0 177   0   0   0   1   2]
 [  0   0   0   0   0 178   1   0   0   3]
 [  0   0   0   0   0   1 179   0   1   0]
 [  0   0   0   0   0   0   0 167   1  11]
 [  0   8   0   0   0   1   0   0 163   2]
 [  0   0   0   2   0   2   0   5   2 169]]
Accuracy: 0.96
Training Time: 1.04 seconds
